     x(km)   y(km)    depth(km) strike    dip    rake  ontime(s)slip(cm)  ampsliprate1(cm/s) ampsliprate2(cm/s) ampsliprate3(cm/s)	  M0_subfault(dyn.cm)
     0.000    -0.000     1.050    47.0    57.0    97.1   0.0          10           28.0                21.1                20.7                  0.786384E+22
    -1.457    -2.103     1.889    47.0    57.0    89.9   2.4           0            1.2                 0.0                 0.0                  0.137674E+21
    -1.091    -1.762     1.889    47.0    57.0   105.2   2.4           1            3.9                 0.0                 0.0                  0.442826E+21
    -0.726    -1.421     1.889    47.0    57.0    89.3   1.8           0            1.1                 0.0                 0.0                  0.127891E+21
    -0.360    -1.080     1.889    47.0    57.0    88.1   1.6           1            3.6                 0.0                 0.0                  0.404386E+21
     0.006    -0.739     1.889    47.0    57.0    82.0   1.3           8           23.2                22.4                10.7                  0.633750E+22
     0.371    -0.398     1.889    47.0    57.0    87.0   1.2           0            3.2                 0.0                 0.0                  0.356708E+21
     0.737    -0.057     1.889    47.0    57.0    87.5   1.4           3           20.9                 1.4                 0.0                  0.251350E+22
     1.103     0.284     1.889    47.0    57.0    84.7   1.5           0            1.3                 1.1                 0.0                  0.267038E+21
     1.468     0.625     1.889    47.0    57.0    99.7   1.8           0            2.5                 0.0                 0.0                  0.285437E+21
     1.834     0.966     1.889    47.0    57.0    93.0   2.1           0            1.6                 0.0                 0.0                  0.182678E+21
     2.200     1.307     1.889    47.0    57.0    97.8   2.3           1            3.0                 0.0                 1.7                  0.520742E+21
    -2.008    -2.245     1.469    47.0    57.0   101.8   2.3           1            4.6                 0.0                 0.0                  0.514198E+21
    -1.643    -1.904     1.469    47.0    57.0   100.6   2.3           6           18.0                20.2                 0.0                  0.429170E+22
    -1.277    -1.563     1.469    47.0    57.0    89.7   2.2           1            3.5                 0.0                 0.0                  0.397106E+21
    -0.911    -1.222     1.469    47.0    57.0    86.6   1.8           1            3.6                 0.0                 0.0                  0.403279E+21
    -0.546    -0.881     1.469    47.0    57.0    90.9   1.3           4           23.2                 0.0                 0.7                  0.269151E+22
    -0.180    -0.540     1.469    47.0    57.0    81.9   0.7          16           45.9                33.5                26.0                  0.118612E+23
     0.186    -0.199     1.469    47.0    57.0    87.1   0.5           0            1.1                 0.0                 0.0                  0.126360E+21
     0.551     0.142     1.469    47.0    57.0    82.7   0.8           1            6.2                 0.0                 0.0                  0.698439E+21
     0.917     0.483     1.469    47.0    57.0    90.2   1.2           3           20.2                 2.9                 0.0                  0.259536E+22
     1.283     0.824     1.469    47.0    57.0    88.8   1.3           1            2.8                 0.0                 1.0                  0.424895E+21
     1.648     1.165     1.469    47.0    57.0    88.7   2.5           0            1.0                 0.0                 0.0                  0.108252E+21
     2.014     1.506     1.469    47.0    57.0    87.5   2.5           0            1.5                 0.0                 0.0                  0.168745E+21
    -2.194    -2.046     1.050    47.0    57.0   100.6   2.2           1            3.5                 0.0                 0.0                  0.392959E+21
    -1.828    -1.705     1.050    47.0    57.0    91.8   2.2           1            4.5                 0.0                 0.0                  0.510496E+21
    -1.463    -1.364     1.050    47.0    57.0   103.7   2.4          14           67.8                22.5                 1.6                  0.103371E+23
    -1.097    -1.023     1.050    47.0    57.0    97.8   1.6           0            0.8                 0.0                 0.0                  0.862175E+20
    -0.731    -0.682     1.050    47.0    57.0    93.9   0.9          12           70.0                 1.9                 8.3                  0.903026E+22
    -0.366    -0.341     1.050    47.0    57.0    88.0   0.5          12           33.1                16.8                28.6                  0.883095E+22
    -1.823    -2.444     1.889    47.0    57.0    99.9   2.5           2            9.0                 1.2                 0.0                  0.114376E+22
     0.366     0.341     1.050    47.0    57.0    70.4   0.6           9           33.5                19.8                 6.3                  0.670073E+22
     0.731     0.682     1.050    47.0    57.0    82.5   1.1           3           14.4                 5.9                 0.0                  0.227270E+22
     1.097     1.023     1.050    47.0    57.0    92.3   1.4           6           33.3                 1.5                 2.3                  0.416528E+22
     1.463     1.364     1.050    47.0    57.0    88.4   2.5           2            4.6                 5.7                 0.0                  0.116431E+22
     1.828     1.705     1.050    47.0    57.0    97.3   2.2           0            1.7                 0.7                 0.0                  0.264319E+21
    -2.380    -1.847     0.631    47.0    57.0    94.5   2.5           0            2.0                 0.0                 0.0                  0.225842E+21
    -2.014    -1.506     0.631    47.0    57.0    91.9   2.1           0            2.6                 0.0                 0.0                  0.287736E+21
    -1.648    -1.165     0.631    47.0    57.0    82.1   2.2           6           17.1                20.1                 1.4                  0.434804E+22
    -1.283    -0.824     0.631    47.0    57.0   103.7   1.9          31           83.8                 3.9               121.8                  0.235788E+23
    -0.917    -0.483     0.631    47.0    57.0    88.9   1.1           8           38.3                15.8                 1.8                  0.629217E+22
    -0.551    -0.142     0.631    47.0    57.0    91.7   0.7          30          141.6                22.8                36.5                  0.226037E+23
    -0.186     0.199     0.631    47.0    57.0    78.8   0.3          20           75.4                31.8                23.8                  0.147454E+23
     0.180     0.540     0.631    47.0    57.0    70.6   0.7          21           56.8                74.9                 9.2                  0.158564E+23
     0.546     0.881     0.631    47.0    57.0    71.6   1.3          17          111.0                 1.0                 2.2                  0.128371E+23
     0.911     1.222     0.631    47.0    57.0    92.6   1.0          23          113.6                 7.0                32.4                  0.172058E+23
     1.277     1.563     0.631    47.0    57.0    74.0   2.5          21           62.2                 2.7                73.6                  0.155862E+23
     1.643     1.904     0.631    47.0    57.0    96.2   2.4           0            0.7                 0.0                 0.0                  0.808605E+20
    -2.566    -1.648     0.211    47.0    57.0    87.8   2.4           0            1.2                 0.0                 0.0                  0.135380E+21
    -2.200    -1.307     0.211    47.0    57.0    85.0   2.2           2           13.3                 0.0                 0.0                  0.150075E+22
    -1.834    -0.966     0.211    47.0    57.0   114.3   2.5          11           64.6                 3.4                 5.4                  0.825075E+22
    -1.468    -0.625     0.211    47.0    57.0    86.7   1.8          21          123.0                 1.6                12.9                  0.154722E+23
    -1.103    -0.284     0.211    47.0    57.0    89.9   1.8          22           59.1                29.2                58.5                  0.165007E+23
    -0.737     0.057     0.211    47.0    57.0   114.9   1.2          19          112.7                 8.0                 3.2                  0.139451E+23
    -0.371     0.398     0.211    47.0    57.0    98.3   0.8          19          103.3                11.6                11.9                  0.142601E+23
    -0.006     0.739     0.211    47.0    57.0    78.5   1.2          14           62.9                 3.6                26.8                  0.105008E+23
     0.360     1.080     0.211    47.0    57.0   105.9   0.6          22          113.5                34.3                 0.0                  0.166224E+23
     0.726     1.421     0.211    47.0    57.0    88.3   2.2          16           63.4                16.1                30.1                  0.123348E+23
     1.091     1.762     0.211    47.0    57.0   112.3   2.0           6           34.9                 1.5                 6.4                  0.482824E+22
     1.457     2.103     0.211    47.0    57.0    92.7   2.4           0            1.5                 0.0                 0.7                  0.246828E+21
