       x(km)   y(km)    depth(km) strike    dip    rake  ontime(s)slip(cm)  ampsliprate1(cm/s) ampsliprate2(cm/s) ampsliprate3(cm/s)	       M0_subfault(dyn.cm)
     0.000    -0.000     1.050    47.0    57.0    91.2   0.0          18          118.8                 1.2                 0.8                  0.135887E+23
    -1.457    -2.103     1.889    47.0    57.0   112.1   2.5           0            1.8                 0.0                 0.0                  0.204077E+21
    -1.091    -1.762     1.889    47.0    57.0   105.6   2.5           1            3.7                 0.0                 0.0                  0.421554E+21
    -0.726    -1.421     1.889    47.0    57.0    99.9   2.0           0            1.9                 0.8                 0.0                  0.301702E+21
    -0.360    -1.080     1.889    47.0    57.0    91.8   1.6           1            5.9                 0.0                 0.0                  0.667777E+21
     0.006    -0.739     1.889    47.0    57.0    83.2   1.4           2           14.8                 0.0                 0.0                  0.166337E+22
     0.371    -0.398     1.889    47.0    57.0    82.6   1.2           3           18.0                 0.0                 0.0                  0.202555E+22
     0.737    -0.057     1.889    47.0    57.0    83.5   1.4           3           22.2                 0.0                 0.0                  0.249357E+22
     1.103     0.284     1.889    47.0    57.0    84.5   1.5           2            9.5                 3.6                 0.0                  0.147706E+22
     1.468     0.625     1.889    47.0    57.0    92.4   1.9           1            2.0                 0.7                 0.8                  0.388657E+21
     1.834     0.966     1.889    47.0    57.0    97.7   2.0           2            8.6                 2.1                 0.0                  0.120932E+22
     2.200     1.307     1.889    47.0    57.0    88.2   2.4           0            2.0                 0.0                 0.0                  0.225381E+21
    -2.008    -2.245     1.469    47.0    57.0    98.0   2.5           0            3.0                 0.0                 0.0                  0.340843E+21
    -1.643    -1.904     1.469    47.0    57.0    96.2   2.3           1            4.8                 1.3                 0.0                  0.688351E+21
    -1.277    -1.563     1.469    47.0    57.0   102.6   2.3           6           31.1                 9.3                 2.3                  0.480286E+22
    -0.911    -1.222     1.469    47.0    57.0    98.5   1.6           0            2.5                 0.0                 0.0                  0.281936E+21
    -0.546    -0.881     1.469    47.0    57.0    88.7   1.4           3           17.8                 0.0                 0.0                  0.199843E+22
    -0.180    -0.540     1.469    47.0    57.0    82.6   0.8           5           21.6                 7.2                 3.5                  0.362497E+22
     0.186    -0.199     1.469    47.0    57.0    85.1   0.6           3           22.1                 0.0                 0.0                  0.248647E+22
     0.551     0.142     1.469    47.0    57.0    87.1   0.9           6           21.3                17.7                 4.2                  0.486116E+22
     0.917     0.483     1.469    47.0    57.0    91.5   1.3           3           21.6                 0.7                 0.0                  0.251651E+22
     1.283     0.824     1.469    47.0    57.0    93.8   1.4           1            3.1                 3.3                 0.0                  0.720103E+21
     1.648     1.165     1.469    47.0    57.0    92.2   2.3           0            1.5                 0.9                 0.0                  0.271166E+21
     2.014     1.506     1.469    47.0    57.0    89.7   2.3           0            0.8                 0.0                 0.0                  0.907015E+20
    -2.194    -2.046     1.050    47.0    57.0    92.8   2.4           0            0.7                 0.0                 0.0                  0.828572E+20
    -1.828    -1.705     1.050    47.0    57.0   106.0   2.3           4           25.5                 1.1                 1.0                  0.309565E+22
    -1.463    -1.364     1.050    47.0    57.0   105.3   2.2           9           25.5                 3.4                33.4                  0.700896E+22
    -1.097    -1.023     1.050    47.0    57.0    89.4   1.4           2           13.0                 0.0                 1.0                  0.158265E+22
    -0.731    -0.682     1.050    47.0    57.0    89.9   0.9          15           54.4                41.2                 1.2                  0.108891E+23
    -0.366    -0.341     1.050    47.0    57.0    88.5   0.4          15           42.1                52.5                 5.4                  0.112388E+23
    -1.823    -2.444     1.889    47.0    57.0    92.0   2.4           0            0.8                 0.0                 0.0                  0.906959E+20
     0.366     0.341     1.050    47.0    57.0    75.7   0.5          11           32.0                19.8                18.8                  0.794960E+22
     0.731     0.682     1.050    47.0    57.0    80.8   1.0           7           18.8                10.6                17.2                  0.524744E+22
     1.097     1.023     1.050    47.0    57.0    92.4   1.2           9           25.9                33.8                 1.5                  0.688172E+22
     1.463     1.364     1.050    47.0    57.0    83.4   2.5           7           21.0                 3.0                25.4                  0.556562E+22
     1.828     1.705     1.050    47.0    57.0    90.5   2.3           0            1.1                 0.0                 0.0                  0.124545E+21
    -2.380    -1.847     0.631    47.0    57.0   107.1   2.3           1            2.6                 2.7                 0.7                  0.680275E+21
    -2.014    -1.506     0.631    47.0    57.0   102.9   2.2           0            1.1                 0.8                 0.8                  0.299596E+21
    -1.648    -1.165     0.631    47.0    57.0    96.0   2.2          14           36.9                53.2                 1.2                  0.102724E+23
    -1.283    -0.824     0.631    47.0    57.0    89.7   0.9          16          100.2                 1.2                 5.4                  0.120097E+23
    -0.917    -0.483     0.631    47.0    57.0   102.9   0.8          17           84.2                 2.9                28.9                  0.130639E+23
    -0.551    -0.142     0.631    47.0    57.0    82.7   0.6          21          110.3                18.4                 8.9                  0.154823E+23
    -0.186     0.199     0.631    47.0    57.0    81.6   0.6          13           79.5                 7.1                 2.0                  0.996164E+22
     0.180     0.540     0.631    47.0    57.0    88.1   0.8           9           37.1                 7.5                15.0                  0.670013E+22
     0.546     0.881     0.631    47.0    57.0    80.5   1.3          17          101.1                 8.3                 1.1                  0.124351E+23
     0.911     1.222     0.631    47.0    57.0    95.0   0.8          16           82.5                24.4                 0.7                  0.121064E+23
     1.277     1.563     0.631    47.0    57.0    76.2   2.5          17           55.9                 3.6                53.3                  0.126963E+23
     1.643     1.904     0.631    47.0    57.0    91.0   2.5           2           10.1                 0.0                 0.0                  0.114010E+22
    -2.566    -1.648     0.211    47.0    57.0   102.4   2.4           0            1.4                 0.8                 0.8                  0.328090E+21
    -2.200    -1.307     0.211    47.0    57.0   106.0   2.5           3           21.7                 0.0                 0.8                  0.253290E+22
    -1.834    -0.966     0.211    47.0    57.0    85.5   1.8          11           70.6                 1.1                 2.4                  0.833170E+22
    -1.468    -0.625     0.211    47.0    57.0    91.6   1.8          22          124.0                16.0                 4.5                  0.162602E+23
    -1.103    -0.284     0.211    47.0    57.0   103.5   1.8          22           61.9                16.0                71.4                  0.167930E+23
    -0.737     0.057     0.211    47.0    57.0   114.7   1.2          18          111.6                 0.7                 7.9                  0.135214E+23
    -0.371     0.398     0.211    47.0    57.0   106.8   0.8          16           99.1                 4.0                 5.0                  0.121656E+23
    -0.006     0.739     0.211    47.0    57.0    67.7   1.1          15           88.6                 1.0                 8.9                  0.110827E+23
     0.360     1.080     0.211    47.0    57.0   108.1   0.7          19          120.9                 1.8                 3.4                  0.141827E+23
     0.726     1.421     0.211    47.0    57.0    87.1   2.2          17           44.9                 8.1                58.6                  0.125606E+23
     1.091     1.762     0.211    47.0    57.0    80.6   2.4           6           32.0                 8.4                 1.0                  0.465507E+22
     1.457     2.103     0.211    47.0    57.0    90.7   2.2           1            4.5                 0.0                 0.0                  0.500790E+21
